2583694.57781 -0.0923595218919 0.000985543694471 5.68778248248e-07 1.6269014643e-05 5.00380762109e-06 5.49961923789e-05
2586497.01893 -0.0944703654386 0.00098554369409 6.12435219933e-07 1.58526203571e-05 5.01522932452e-06 5.49847706755e-05
2589044.91908 -0.0964140286669 0.000985543693739 6.60726494731e-07 1.54496737906e-05 5.03426163114e-06 5.49657383689e-05
2591336.07811 -0.0981819918379 0.000985543693421 7.13634988911e-07 1.5060297685e-05 5.0608987435e-06 5.49391012565e-05
2593368.51069 -0.0997664164752 0.000985543693136 7.7114244581e-07 1.46846106482e-05 5.09513254771e-06 5.49048674523e-05
2595140.45027 -0.101160216145 0.000985543692885 8.33229445075e-07 1.43227271179e-05 5.13695261579e-06 5.48630473842e-05
2596650.35252 -0.102357112803 0.00098554369267 8.99875411857e-07 1.39747573274e-05 5.18634620897e-06 5.4813653791e-05
2597896.89843 -0.103351667058 0.000985543692491 9.71058625944e-07 1.36408072717e-05 5.24329828146e-06 5.47567017185e-05
2598878.9969 -0.104139342438 0.000985543692349 1.04675623083e-06 1.33209786751e-05 5.30779148512e-06 5.46922085149e-05
2599595.78694 -0.104716527276 0.000985543692246 1.1269442427e-06 1.30153689607e-05 5.37980617469e-06 5.46201938253e-05
2600046.63942 -0.105080564972 0.00098554369218 1.21159755936e-06 1.272407122e-05 5.45932041381e-06 5.45406795862e-05
2600231.15827 -0.105229775421 0.000985543692153 1.30068996902e-06 1.24471741852e-05 5.54630998165e-06 5.44536900183e-05
2600149.18132 -0.105163469445 0.000985543692165 1.39419415904e-06 1.21847622018e-05 5.64074838037e-06 5.43592516196e-05
2599800.78064 -0.104881953448 0.000985543692216 1.49208172455e-06 1.19369152031e-05 5.7426068431e-06 5.42573931569e-05
2599186.26233 -0.104386527091 0.000985543692305 1.59432317696e-06 1.17037086855e-05 5.85185434277e-06 5.41481456572e-05
2598306.16599 -0.103679471649 0.000985543692432 1.70088795238e-06 1.14852136862e-05 5.96845760154e-06 5.40315423985e-05
2597161.26356 -0.102764036972 0.000985543692596 1.81174441991e-06 1.12814967607e-05 6.09238110092e-06 5.39076188991e-05
2595752.55781 -0.101644408423 0.000985543692798 1.92685988987e-06 1.10926199633e-05 6.22358709262e-06 5.37764129074e-05
2594081.28036 -0.100325679407 0.000985543693035 2.04620062186e-06 1.09186408276e-05 6.36203561002e-06 5.363796439e-05
2592148.88916 -0.0988138103858 0.000985543693307 2.16973183276e-06 1.07596123494e-05 6.50768448035e-06 5.34923155196e-05
2589957.06565 -0.0971155869775 0.000985543693613 2.29741770463e-06 1.06155829702e-05 6.66048933757e-06 5.33395106624e-05
2587507.71141 -0.095238560345 0.000985543693951 2.42922139246e-06 1.04865965629e-05 6.82040363583e-06 5.31795963642e-05
2584802.94441 -0.0931909973733 0.000985543694321 2.56510503193e-06 1.03726924179e-05 6.98737866369e-06 5.30126213363e-05
2581845.09485 -0.090981816873 0.000985543694719 2.70502974696e-06 1.02739052316e-05 7.16136355893e-06 5.28386364411e-05
2578636.70065 -0.0886205257848 0.000985543695146 2.84895565729e-06 1.01902650954e-05 7.34230532408e-06 5.26576946759e-05
2575180.50251 -0.0861171414144 0.000985543695599 2.99684188592e-06 1.0121797487e-05 7.53014884252e-06 5.24698511575e-05
2571479.43862 -0.0834821355529 0.000985543696076 3.1486465665e-06 1.00685232623e-05 7.72483689529e-06 5.22751631047e-05
2567536.6391 -0.0807263506576 0.000985543696576 3.3043268507e-06 1.0030458649e-05 7.92631017853e-06 5.20736898215e-05
2563355.42003 -0.0778609258123 0.000985543697097 3.46383891551e-06 1.00076152422e-05 8.13450732152e-06 5.18654926785e-05
2558939.27722 -0.0748972282745 0.000985543697635 3.6271379705e-06 1e-05 8.34936490539e-06 5.16506350946e-05
2554291.87975 -0.0718467766419 0.000985543698191 3.79417826507e-06 1.00076152422e-05 8.57081748245e-06 5.14291825176e-05
2549417.06317 -0.0687211663462 0.000985543698761 3.96491309571e-06 1.0030458649e-05 8.79879759609e-06 5.12012024039e-05
2544318.82252 -0.0655319970101 0.000985543699344 4.13929481327e-06 1.00685232623e-05 9.03323580136e-06 5.09667641986e-05
2539001.30517 -0.0622908119112 0.000985543699937 4.31727483016e-06 1.0121797487e-05 9.27406068612e-06 5.07259393139e-05
2533468.80336 -0.0590090225451 0.000985543700539 4.49880362774e-06 1.01902650954e-05 9.52119889278e-06 5.04788011072e-05
2527725.74672 -0.0556978499517 0.000985543701147 4.6838307636e-06 1.02739052316e-05 9.77457514063e-06 5.02254248594e-05
2521776.69455 -0.052368267905 0.00098554370176 4.87230487899e-06 1.03726924179e-05 1.00341122488e-05 4.99658877512e-05
2515626.32805 -0.049030943308 0.000985543702376 5.06417370634e-06 1.04865965629e-05 1.02997311598e-05 4.97002688402e-05
2509279.44236 -0.0456961942837 0.000985543702993 5.25938407678e-06 1.06155829702e-05 1.05713509636e-05 4.94286490364e-05
2502740.93869 -0.042373935692 0.000985543703609 5.4578819279e-06 1.07596123494e-05 1.0848888922e-05 4.9151111078e-05
2496015.81621 -0.039073641412 0.000985543704222 5.65961231146e-06 1.09186408276e-05 1.11322604944e-05 4.88677395056e-05
2489109.16411 -0.0358043154702 0.000985543704831 5.86451940143e-06 1.10926199633e-05 1.14213793631e-05 4.85786206369e-05
2482026.15351 -0.0325744524598 0.000985543705434 6.07254650205e-06 1.12814967607e-05 1.17161574595e-05 4.82838425405e-05
2474772.02944 -0.0293920226395 0.00098554370603 6.28363605606e-06 1.14852136862e-05 1.20165049915e-05 4.79834950085e-05
2467352.10291 -0.0262644407339 0.000985543706618 6.49772965324e-06 1.17037086855e-05 1.23223304703e-05 4.76776695297e-05
2459771.74295 -0.0231985617429 0.000985543707195 6.71476803897e-06 1.19369152031e-05 1.26335407385e-05 4.73664592615e-05
2452036.36881 -0.0202006599866 0.000985543707762 6.93469112316e-06 1.21847622018e-05 1.29500409984e-05 4.70499590016e-05
2444151.44219 -0.0172764351591 0.000985543708316 7.15743798932e-06 1.24471741852e-05 1.3271734841e-05 4.6728265159e-05
2436122.45963 -0.0144310053438 0.000985543708857 7.38294690389e-06 1.272407122e-05 1.35985242752e-05 4.64014757248e-05
2427954.94503 -0.0116689079441 0.000985543709384 7.61115532584e-06 1.30153689607e-05 1.39303097578e-05 4.60696902422e-05
2419654.44229 -0.00899411179125 0.000985543709897 7.84199991658e-06 1.33209786751e-05 1.42669902238e-05 4.57330097762e-05
2411226.50813 -0.00641002226621 0.000985543710394 8.07541655003e-06 1.36408072717e-05 1.46084631169e-05 4.53915368831e-05
2402676.70508 -0.00391950225458 0.000985543710874 8.31134032315e-06 1.39747573274e-05 1.49546244212e-05 4.50453755788e-05
2394010.59465 -0.00152487913147 0.000985543711339 8.54970556664e-06 1.43227271179e-05 1.53053686927e-05 4.46946313073e-05
2385233.73071 0.000772026367486 0.000985543711786 8.79044585607e-06 1.46846106482e-05 1.56605890912e-05 4.43394109088e-05
2376351.65309 0.00296988384798 0.000985543712215 9.03349402324e-06 1.5060297685e-05 1.60201774132e-05 4.39798225868e-05
2367369.88134 0.00506783137098 0.000985543712628 9.27878216797e-06 1.54496737906e-05 1.63840241246e-05 4.36159758754e-05
2358293.9088 0.00706544425339 0.000985543713022 9.5262416702e-06 1.58526203571e-05 1.67520183942e-05 4.32479816058e-05
2349129.19682 0.00896271923557 0.000985543713398 9.77580320248e-06 1.6269014643e-05 1.71240481272e-05 4.28759518728e-05
2339881.16928 0.0107600349002 0.000985543713757 1.00273967428e-05 1.66987298108e-05 1.75e-05 4.25e-05
2330555.20729 0.0124581339769 0.000985543714098 1.02809515877e-05 1.71416349649e-05 1.78797594938e-05 4.21202405062e-05
2321156.64424 0.014058092609 0.000985543714421 1.05363963661e-05 1.75975951922e-05 1.82632109304e-05 4.17367890696e-05
2311690.76098 0.0155612900853 0.000985543714726 1.07936590532e-05 1.80664716027e-05 1.86502375065e-05 4.13497624935e-05
2302162.78132 0.0169693818316 0.000985543715014 1.10526669848e-05 1.85481213722e-05 1.90407213303e-05 4.09592786697e-05
2292577.86776 0.0182842728682 0.000985543715285 1.1313346872e-05 1.90423977856e-05 1.94345434565e-05 4.05654565435e-05
2282941.11752 0.0195080917329 0.000985543715539 1.15756248169e-05 1.95491502813e-05 1.98315839231e-05 4.01684160769e-05
2273257.55874 0.0206431620754 0.000985543715777 1.18394263276e-05 2.00682244976e-05 2.02317217878e-05 3.97682782122e-05
2263532.14701 0.0216919719242 0.000985543715999 1.21046763347e-05 2.05994623197e-05 2.06348351646e-05 3.93651648354e-05
2253769.76209 0.0226571625099 0.000985543716205 1.23712992075e-05 2.11427019272e-05 2.10408012614e-05 3.89591987386e-05
2243975.20493 0.0235414928757 0.000985543716396 1.26392187708e-05 2.16977778441e-05 2.14494964169e-05 3.85505035831e-05
2234153.19489 0.0243478221819 0.000985543716572 1.29083583226e-05 2.22645209889e-05 2.18607961386e-05 3.81392038614e-05
2224308.36722 0.0250790882856 0.000985543716733 1.31786406514e-05 2.28427587261e-05 2.22745751406e-05 3.77254248594e-05
2214445.27077 0.0257382853888 0.000985543716881 1.34499880543e-05 2.3432314919e-05 2.26907073819e-05 3.73092926181e-05
2204568.36594 0.0263284510002 0.000985543717016 1.37223223559e-05 2.40330099831e-05 2.31090661046e-05 3.68909338954e-05
2194682.02286 0.026852642186 0.000985543717138 1.3995564927e-05 2.46446609407e-05 2.35295238724e-05 3.64704761276e-05
2184790.51974 0.0273139257915 0.000985543717247 1.42696367039e-05 2.52670814771e-05 2.395195261e-05 3.604804739e-05
2174898.04151 0.0277153565548 0.000985543717345 1.45444582082e-05 2.59000819969e-05 2.43762236414e-05 3.56237763586e-05
2165008.67859 0.0280599729158 0.000985543717432 1.48199495674e-05 2.65434696821e-05 2.48022077296e-05 3.51977922704e-05
2155126.42594 0.0283507779241 0.000985543717508 1.50960305346e-05 2.71970485505e-05 2.52297751156e-05 3.47702248844e-05
2145255.18224 0.0285907313228 0.000985543717574 1.53726205103e-05 2.78606195157e-05 2.56587955583e-05 3.43412044417e-05
2135398.74925 0.0287827383727 0.000985543717631 1.56496385633e-05 2.85339804475e-05 2.6089138374e-05 3.3910861626e-05
2125560.83145 0.028929643333 0.000985543717678 1.59270034526e-05 2.92169262337e-05 2.6520672476e-05 3.3479327524e-05
2115745.03568 0.0290342257358 0.000985543717717 1.62046336493e-05 2.99092488424e-05 2.69532664149e-05 3.30467335851e-05
2105954.87113 0.0290991831571 0.000985543717747 1.64824473592e-05 3.06107373854e-05 2.73867884183e-05 3.26132115817e-05
2096193.74934 0.0291271365713 0.00098554371777 1.67603625458e-05 3.13211781824e-05 2.78211064313e-05 3.21788935687e-05
2086464.98443 0.0291206212714 0.000985543717786 1.7038296953e-05 3.20403548265e-05 2.82560881564e-05 3.17439118436e-05
2076771.79345 0.0290820868686 0.000985543717795 1.7316168129e-05 3.27680482492e-05 2.86916010939e-05 3.13083989061e-05
2067117.29685 0.0290138879791 0.000985543717798 1.75938934501e-05 3.35040367883e-05 2.91275125824e-05 3.08724874176e-05
2057504.5191 0.0289182900451 0.000985543717795 1.78713901445e-05 3.42480962545e-05 2.95636898391e-05 3.04363101609e-05
2047936.38941 0.0287974616513 0.000985543717786 1.81485753172e-05 3.5e-05 3e-05 3e-05
2038415.74257 0.0286534805782 0.000985543717772 1.84253659745e-05 3.57595189877e-05 3.04363101609e-05 2.95636898391e-05
2028945.31988 0.0284883242566 0.000985543717754 1.87016790489e-05 3.65264218607e-05 3.08724874176e-05 2.91275125824e-05
2019527.77023 0.0283038811758 0.000985543717731 1.89774314248e-05 3.7300475013e-05 3.13083989061e-05 2.86916010939e-05
2010165.65118 0.0281019438989 0.000985543717705 1.92525399639e-05 3.80814426605e-05 3.17439118436e-05 2.82560881564e-05
2000861.4302 0.0278842102271 0.000985543717674 1.95269215305e-05 3.8869086913e-05 3.21788935687e-05 2.78211064313e-05
1991617.48599 0.027652294375 0.000985543717641 1.98004930186e-05 3.96631678462e-05 3.26132115817e-05 2.73867884183e-05
1982436.10976 0.0274077141657 0.000985543717604 2.00731713771e-05 4.04634435755e-05 3.30467335851e-05 2.69532664149e-05
1973319.50675 0.0271519045345 0.000985543717565 2.03448736369e-05 4.12696703292e-05 3.3479327524e-05 2.6520672476e-05
1964269.79767 0.026886214735 0.000985543717523 2.06155169374e-05 4.20816025227e-05 3.3910861626e-05 2.6089138374e-05
1955289.02021 0.0266119146254 0.000985543717479 2.08850185535e-05 4.28989928337e-05 3.43412044417e-05 2.56587955583e-05
1946379.1307 0.026330193039 0.000985543717433 2.11532959222e-05 4.37215922771e-05 3.47702248844e-05 2.52297751156e-05
1937542.00566 0.0260421605781 0.000985543717385 2.14202666702e-05 4.45491502813e-05 3.51977922704e-05 2.48022077296e-05
1928779.44351 0.0257488591596 0.000985543717336 2.16858486411e-05 4.53814147639e-05 3.56237763586e-05 2.43762236414e-05
1920093.16626 0.0254512561951 0.000985543717285 2.19499599227e-05 4.62181322092e-05 3.604804739e-05 2.395195261e-05
1911484.82122 0.0251502532046 0.000985543717233 2.22125188746e-05 4.70590477449e-05 3.64704761276e-05 2.35295238724e-05
1902955.98274 0.0248466853518 0.000985543717181 2.24734441559e-05 4.790390522e-05 3.68909338954e-05 2.31090661046e-05
1894508.15399 0.0245413305238 0.000985543717127 2.27326547529e-05 4.87524472828e-05 3.73092926181e-05 2.26907073819e-05
1886142.76874 0.0242349032778 0.000985543717073 2.29900700069e-05 4.96044154591e-05 3.77254248594e-05 2.22745751406e-05
1877861.19313 0.0239280646201 0.000985543717018 2.32456096418e-05 5.04595502312e-05 3.81392038614e-05 2.18607961386e-05
1869664.72746 0.0236214227043 0.000985543716963 2.34991937923e-05 5.13175911167e-05 3.85505035831e-05 2.14494964169e-05
1861554.60803 0.0233155351598 0.000985543716908 2.37507430317e-05 5.2178276748e-05 3.89591987386e-05 2.10408012614e-05
1853532.00887 0.023010912817 0.000985543716853 2.40001783995e-05 5.3041344952e-05 3.93651648354e-05 2.06348351646e-05
1845598.04359 0.0227080218028 0.000985543716797 2.42474214299e-05 5.39065328297e-05 3.97682782122e-05 2.02317217878e-05
1837753.76717 0.0224072865676 0.000985543716742 2.44923941788e-05 5.47735768366e-05 4.01684160769e-05 1.98315839231e-05
1830000.17769 0.0221090912819 0.000985543716687 2.47350192525e-05 5.56422128626e-05 4.05654565435e-05 1.94345434565e-05
1822338.21814 0.0218137840275 0.000985543716632 2.49752198347e-05 5.65121763128e-05 4.09592786697e-05 1.90407213303e-05
1814768.77818 0.0215216788929 0.000985543716577 2.52129197149e-05 5.73832021879e-05 4.13497624935e-05 1.86502375065e-05
1807292.69585 0.0212330538779 0.000985543716523 2.54480433155e-05 5.82550251649e-05 4.17367890696e-05 1.82632109304e-05
1799910.75934 0.0209481606726 0.000985543716469 2.56805157194e-05 5.91273796781e-05 4.21202405062e-05 1.78797594938e-05
1792623.70862 0.0206672227941 0.000985543716416 2.59102626975e-05 6e-05 4.25e-05 1.75e-05
1785432.23722 0.0203904341906 0.000985543716363 2.61372107361e-05 6.08726203219e-05 4.28759518728e-05 1.71240481272e-05
1778336.99382 0.0201179678552 0.000985543716311 2.63612870637e-05 6.17449748351e-05 4.32479816058e-05 1.67520183942e-05
1771338.5839 0.0198499709368 0.00098554371626 2.65824196781e-05 6.26167978121e-05 4.36159758754e-05 1.63840241246e-05
1764437.57138 0.0195865731221 0.000985543716209 2.68005373735e-05 6.34878236872e-05 4.39798225868e-05 1.60201774132e-05
1757634.48018 0.0193278822117 0.000985543716159 2.70155697666e-05 6.43577871374e-05 4.43394109088e-05 1.56605890912e-05
1750929.79582 0.0190739873797 0.00098554371611 2.72274473235e-05 6.52264231634e-05 4.46946313073e-05 1.53053686927e-05
1744323.96689 0.0188249652274 0.000985543716061 2.74361013855e-05 6.60934671703e-05 4.50453755788e-05 1.49546244212e-05
1737817.4066 0.0185808739625 0.000985543716014 2.76414641953e-05 6.6958655048e-05 4.53915368831e-05 1.46084631169e-05
1731410.49425 0.0183417601511 0.000985543715967 2.78434689229e-05 6.7821723252e-05 4.57330097762e-05 1.42669902238e-05
1725103.57668 0.0181076554582 0.000985543715921 2.80420496907e-05 6.86824088833e-05 4.60696902422e-05 1.39303097578e-05
1718896.96966 0.0178785801399 0.000985543715876 2.82371415989e-05 6.95404497688e-05 4.64014757248e-05 1.35985242752e-05
1712790.95929 0.017654545838 0.000985543715832 2.84286807507e-05 7.03955845409e-05 4.6728265159e-05 1.3271734841e-05
1706785.80337 0.0174355551135 0.000985543715789 2.86166042765e-05 7.12475527172e-05 4.70499590016e-05 1.29500409984e-05
1700881.7327 0.0172215981875 0.000985543715746 2.88008503584e-05 7.209609478e-05 4.73664592615e-05 1.26335407385e-05
1695078.95237 0.0170126615558 0.000985543715705 2.89813582546e-05 7.29409522551e-05 4.76776695297e-05 1.23223304703e-05
1689377.64305 0.0168087217025 0.000985543715664 2.91580683226e-05 7.37818677908e-05 4.79834950085e-05 1.20165049915e-05
1683777.9622 0.0166097525507 0.000985543715624 2.93309220428e-05 7.46185852361e-05 4.82838425405e-05 1.17161574595e-05
1678280.04524 0.0164157173131 0.000985543715585 2.94998620414e-05 7.54508497187e-05 4.85786206369e-05 1.14213793631e-05
1672884.00678 0.016226579668 0.000985543715547 2.96648321132e-05 7.62784077229e-05 4.88677395056e-05 1.11322604944e-05
1667589.94171 0.0160422956105 0.00098554371551 2.98257772439e-05 7.71010071663e-05 4.9151111078e-05 1.0848888922e-05
1662397.92629 0.015862817876 0.000985543715474 2.99826436316e-05 7.79183974773e-05 4.94286490364e-05 1.05713509636e-05
1657308.0193 0.0156880973373 0.000985543715439 3.01353787089e-05 7.87303296708e-05 4.97002688402e-05 1.02997311598e-05
1652320.26299 0.0155180795118 0.000985543715404 3.02839311634e-05 7.95365564245e-05 4.99658877512e-05 1.00341122488e-05
1647434.68416 0.0153527110815 0.000985543715371 3.04282509587e-05 8.03368321538e-05 5.02254248594e-05 9.77457514063e-06
1642651.29512 0.0151919324417 0.000985543715338 3.05682893545e-05 8.1130913087e-05 5.04788011072e-05 9.52119889278e-06
1637970.09465 0.0150356858503 0.000985543715306 3.07039989266e-05 8.19185573395e-05 5.07259393139e-05 9.27406068612e-06
1633391.0689 0.0148839119356 0.000985543715275 3.08353335858e-05 8.2699524987e-05 5.09667641986e-05 9.03323580136e-06
1628914.19233 0.0147365487646 0.000985543715245 3.09622485973e-05 8.34735781393e-05 5.12012024039e-05 8.79879759609e-06
1624539.42856 0.0145935344044 0.000985543715216 3.10847005988e-05 8.42404810123e-05 5.14291825176e-05 8.57081748245e-06
1620266.73119 0.0144548071548 0.000985543715187 3.12026476186e-05 8.5e-05 5.16506350946e-05 8.34936490539e-06
1616096.04465 0.0143203050829 0.00098554371516 3.1316049093e-05 8.57519037455e-05 5.18654926785e-05 8.13450732152e-06
1612027.30496 0.0141899643932 0.000985543715133 3.1424865883e-05 8.64959632117e-05 5.20736898215e-05 7.92631017853e-06
1608060.44049 0.0140637231525 0.000985543715107 3.15290602915e-05 8.72319517508e-05 5.22751631047e-05 7.72483689529e-06
1604195.3727 0.0139415205922 0.000985543715082 3.16285960785e-05 8.79596451735e-05 5.24698511575e-05 7.53014884252e-06
1600432.01687 0.0138232950121 0.000985543715057 3.17234384768e-05 8.86788218176e-05 5.26576946759e-05 7.34230532408e-06
1596770.28274 0.0137089861091 0.000985543715034 3.18135542069e-05 8.93892626146e-05 5.28386364411e-05 7.16136355893e-06
1593210.07518 0.0135985335801 0.000985543715011 3.18989114917e-05 9.00907511576e-05 5.30126213363e-05 6.98737866369e-06
1589751.29488 0.013491879683 0.000985543714989 3.19794800698e-05 9.07830737663e-05 5.31795963642e-05 6.82040363583e-06
1586393.83886 0.0133889659774 0.000985543714967 3.20552312091e-05 9.14660195525e-05 5.33395106624e-05 6.66048933757e-06
1583137.60114 0.013289736351 0.000985543714947 3.21261377196e-05 9.21393804843e-05 5.34923155196e-05 6.50768448035e-06
1579982.47328 0.0131941351574 0.000985543714927 3.21921739652e-05 9.28029514495e-05 5.363796439e-05 6.36203561002e-06
1576928.3449 0.013102108147 0.000985543714908 3.22533158758e-05 9.34565303179e-05 5.37764129074e-05 6.22358709262e-06
1573975.10424 0.0130136038642 0.000985543714889 3.23095409582e-05 9.40999180031e-05 5.39076188991e-05 6.09238110092e-06
1571122.63861 0.0129285708535 0.000985543714871 3.23608283063e-05 9.47329185229e-05 5.40315423985e-05 5.96845760154e-06
1568370.83493 0.0128469583578 0.000985543714854 3.24071586113e-05 9.53553390593e-05 5.41481456572e-05 5.85185434277e-06
1565719.58012 0.0127687191125 0.000985543714838 3.24485141708e-05 9.59669900169e-05 5.42573931569e-05 5.7426068431e-06
1563168.7616 0.0126938060857 0.000985543714822 3.24848788978e-05 9.6567685081e-05 5.43592516196e-05 5.64074838037e-06
1560718.26765 0.0126221745741 0.000985543714807 3.25162383282e-05 9.71572412739e-05 5.44536900183e-05 5.54630998165e-06
1558367.98786 0.0125537833665 0.000985543714793 3.25425796292e-05 9.77354790111e-05 5.45406795862e-05 5.45932041381e-06
1556117.81347 0.0124885865953 0.000985543714779 3.25638916053e-05 9.83022221559e-05 5.46201938253e-05 5.37980617469e-06
1553967.63777 0.0124265470076 0.000985543714766 3.25801647053e-05 9.88572980728e-05 5.46922085149e-05 5.30779148512e-06
1551917.3564 0.0123676266521 0.000985543714754 3.25913910276e-05 9.94005376803e-05 5.47567017185e-05 5.24329828146e-06
1549966.86771 0.0123117875773 0.000985543714742 3.25975643254e-05 9.99317755024e-05 5.4813653791e-05 5.18634620897e-06
1548116.07306 0.0122589946259 0.000985543714731 3.25986800111e-05 0.000100450849719 5.48630473842e-05 5.13695261579e-06
1546364.87708 0.0122092170641 0.000985543714721 3.25947351601e-05 0.000100957602214 5.49048674523e-05 5.09513254771e-06
1544713.18801 0.0121624220628 0.000985543714711 3.25857285142e-05 0.000101451878628 5.49391012565e-05 5.0608987435e-06
1543160.91789 0.0121185805183 0.000985543714702 3.25716604841e-05 0.000101933528397 5.49657383689e-05 5.03426163114e-06
1541707.98284 0.012077664258 0.000985543714693 3.25525331511e-05 0.000102402404808 5.49847706755e-05 5.01522932452e-06
1540354.30328 0.012039646972 0.000985543714685 3.25283502689e-05 0.000102858365035 5.49961923789e-05 5.00380762109e-06
1539099.80412 0.0120045063086 0.000985543714677 3.2499117264e-05 0.000103301270189 5.5e-05 5e-06
1537944.415 0.0119722168893 0.000985543714671 3.24648412356e-05 0.000103730985357 5.49961923789e-05 5.00380762109e-06
1536888.07042 0.0119427596219 0.000985543714664 3.24255309556e-05 0.000104147379643 5.49847706755e-05 5.01522932452e-06
1535930.70993 0.0119161165785 0.000985543714659 3.23811968668e-05 0.000104550326209 5.49657383689e-05 5.03426163114e-06
1535072.27828 0.0118922691327 0.000985543714654 3.23318510815e-05 0.000104939702315 5.49391012565e-05 5.0608987435e-06
1534312.72554 0.0118712016847 0.000985543714649 3.22775073787e-05 0.000105315389352 5.49048674523e-05 5.09513254771e-06
1533652.00727 0.0118529016618 0.000985543714645 3.22181812015e-05 0.000105677272882 5.48630473842e-05 5.13695261579e-06
1533090.08453 0.0118373567238 0.000985543714642 3.21538896527e-05 0.000106025242673 5.4813653791e-05 5.18634620897e-06
1532626.92409 0.0118245580234 0.000985543714639 3.20846514909e-05 0.000106359192728 5.47567017185e-05 5.24329828146e-06
1532262.49841 0.0118144943845 0.000985543714637 3.20104871257e-05 0.000106679021325 5.46922085149e-05 5.30779148512e-06
1531996.78575 0.0118071627803 0.000985543714636 3.19314186113e-05 0.000106984631039 5.46201938253e-05 5.37980617469e-06
1531829.77025 0.0118025550619 0.000985543714635 3.18474696412e-05 0.00010727592878 5.45406795862e-05 5.45932041381e-06
1531761.44189 0.011800671462 0.000985543714634 3.17586655406e-05 0.000107552825815 5.44536900183e-05 5.54630998165e-06
1531791.79658 0.0118015084881 0.000985543714635 3.16650332592e-05 0.000107815237798 5.43592516196e-05 5.64074838037e-06
1531920.83615 0.0118050670717 0.000985543714635 3.15666013632e-05 0.000108063084797 5.42573931569e-05 5.7426068431e-06
1532148.56831 0.0118113502394 0.000985543714637 3.14634000262e-05 0.000108296291314 5.41481456572e-05 5.85185434277e-06
1532475.00669 0.0118203614838 0.000985543714639 3.13554610203e-05 0.000108514786314 5.40315423985e-05 5.96845760154e-06
1532900.17079 0.0118321070913 0.000985543714641 3.12428177056e-05 0.000108718503239 5.39076188991e-05 6.09238110092e-06
1533424.0859 0.011846595211 0.000985543714644 3.11255050202e-05 0.000108907380037 5.37764129074e-05 6.22358709262e-06
1534046.78309 0.0118638335261 0.000985543714648 3.10035594684e-05 0.000109081359172 5.363796439e-05 6.36203561002e-06
1534768.29909 0.0118838339113 0.000985543714652 3.08770191094e-05 0.000109240387651 5.34923155196e-05 6.50768448035e-06
1535588.67625 0.0119066101033 0.000985543714657 3.07459235448e-05 0.00010938441703 5.33395106624e-05 6.66048933757e-06
1536507.96241 0.0119321753737 0.000985543714662 3.06103139052e-05 0.000109513403437 5.31795963642e-05 6.82040363583e-06
1537526.21077 0.0119605471846 0.000985543714668 3.04702328372e-05 0.000109627307582 5.30126213363e-05 6.98737866369e-06
1538643.4798 0.0119917446282 0.000985543714675 3.0325724489e-05 0.000109726094768 5.28386364411e-05 7.16136355893e-06
1539859.83308 0.0120257858653 0.000985543714682 3.01768344954e-05 0.000109809734905 5.26576946759e-05 7.34230532408e-06
1541175.33912 0.0120626934804 0.00098554371469 3.00236099628e-05 0.000109878202513 5.24698511575e-05 7.53014884252e-06
1542590.07122 0.0121024907567 0.000985543714698 2.98660994532e-05 0.000109931476738 5.22751631047e-05 7.72483689529e-06
1544104.10723 0.0121452037711 0.000985543714707 2.97043529676e-05 0.000109969541351 5.20736898215e-05 7.92631017853e-06
1545717.52943 0.012190859532 0.000985543714717 2.95384219292e-05 0.000109992384758 5.18654926785e-05 8.13450732152e-06
1547430.42422 0.0122394852806 0.000985543714727 2.93683591658e-05 0.00011 5.16506350946e-05 8.34936490539e-06
1549242.88193 0.012291113846 0.000985543714738 2.91942188912e-05 0.000109992384758 5.14291825176e-05 8.57081748245e-06
1551154.99658 0.0123457764275 0.000985543714749 2.90160566873e-05 0.000109969541351 5.12012024039e-05 8.79879759609e-06
1553166.86558 0.0124035072513 0.000985543714762 2.88339294843e-05 0.000109931476738 5.09667641986e-05 9.03323580136e-06
1555278.58946 0.0124643419404 0.000985543714774 2.86478955412e-05 0.000109878202513 5.07259393139e-05 9.27406068612e-06
1557490.27158 0.0125283182133 0.000985543714788 2.84580144254e-05 0.000109809734905 5.04788011072e-05 9.52119889278e-06
1559802.01777 0.0125954768155 0.000985543714802 2.82643469922e-05 0.000109726094768 5.02254248594e-05 9.77457514063e-06
1562213.93605 0.0126658554655 0.000985543714817 2.80669553634e-05 0.000109627307582 4.99658877512e-05 1.00341122488e-05
1564726.13625 0.0127395007294 0.000985543714832 2.78659029052e-05 0.000109513403437 4.97002688402e-05 1.02997311598e-05
1567338.72961 0.0128164552152 0.000985543714848 2.76612542066e-05 0.00010938441703 4.94286490364e-05 1.05713509636e-05
1570051.82845 0.0128967636265 0.000985543714865 2.74530750561e-05 0.000109240387651 4.9151111078e-05 1.0848888922e-05
1572865.54569 0.0129804746248 0.000985543714882 2.72414324188e-05 0.000109081359172 4.88677395056e-05 1.11322604944e-05
1575779.99448 0.0130676382687 0.000985543714901 2.70263944124e-05 0.000108907380037 4.85786206369e-05 1.14213793631e-05
1578795.2877 0.0131583022885 0.000985543714919 2.68080302836e-05 0.000108718503239 4.82838425405e-05 1.17161574595e-05
1581911.53753 0.0132525225636 0.000985543714939 2.65864103831e-05 0.000108514786314 4.79834950085e-05 1.20165049915e-05
1585128.85495 0.0133503489196 0.000985543714959 2.63616061405e-05 0.000108296291314 4.76776695297e-05 1.23223304703e-05
1588447.3492 0.0134518388659 0.00098554371498 2.61336900394e-05 0.000108063084797 4.73664592615e-05 1.26335407385e-05
1591867.12728 0.0135570471175 0.000985543715002 2.59027355911e-05 0.000107815237798 4.70499590016e-05 1.29500409984e-05
1595388.29339 0.0136660309508 0.000985543715025 2.56688173084e-05 0.000107552825815 4.6728265159e-05 1.3271734841e-05
1599010.94831 0.0137788490392 0.000985543715048 2.54320106791e-05 0.00010727592878 4.64014757248e-05 1.35985242752e-05
1602735.18888 0.0138955595903 0.000985543715072 2.51923921389e-05 0.000106984631039 4.60696902422e-05 1.39303097578e-05
1606561.10728 0.0140162254684 0.000985543715097 2.49500390438e-05 0.000106679021325 4.57330097762e-05 1.42669902238e-05
1610488.79046 0.0141409046482 0.000985543715123 2.47050296428e-05 0.000106359192728 4.53915368831e-05 1.46084631169e-05
1614518.31943 0.014269660227 0.000985543715149 2.44574430492e-05 0.000106025242673 4.50453755788e-05 1.49546244212e-05
1618649.76853 0.0144025541376 0.000985543715177 2.42073592125e-05 0.000105677272882 4.46946313073e-05 1.53053686927e-05
1622883.2048 0.0145396478474 0.000985543715205 2.39548588895e-05 0.000105315389352 4.43394109088e-05 1.56605890912e-05
1627218.68713 0.0146810053848 0.000985543715234 2.37000236153e-05 0.000104939702315 4.39798225868e-05 1.60201774132e-05
1631656.26555 0.0148266877513 0.000985543715264 2.34429356735e-05 0.000104550326209 4.36159758754e-05 1.63840241246e-05
1636195.98038 0.0149767575786 0.000985543715294 2.31836780671e-05 0.000104147379643 4.32479816058e-05 1.67520183942e-05
1640837.86145 0.0151312749367 0.000985543715326 2.29223344878e-05 0.000103730985357 4.28759518728e-05 1.71240481272e-05
1645581.9272 0.0152903017588 0.000985543715358 2.26589892864e-05 0.000103301270189 4.25e-05 1.75e-05
1650428.18382 0.0154538976494 0.000985543715391 2.23937274417e-05 0.000102858365035 4.21202405062e-05 1.78797594938e-05
1655376.62431 0.0156221198849 0.000985543715425 2.21266345303e-05 0.000102402404808 4.17367890696e-05 1.82632109304e-05
1660427.22758 0.015795025276 0.00098554371546 2.1857796695e-05 0.000101933528397 4.13497624935e-05 1.86502375065e-05
1665579.95743 0.0159726657439 0.000985543715496 2.15873006142e-05 0.000101451878628 4.09592786697e-05 1.90407213303e-05
1670834.76156 0.0161550953053 0.000985543715533 2.13152334698e-05 0.000100957602214 4.05654565435e-05 1.94345434565e-05
1676191.57058 0.016342359595 0.000985543715571 2.10416829162e-05 0.000100450849719 4.01684160769e-05 1.98315839231e-05
1681650.29688 0.016534505412 0.000985543715609 2.07667370483e-05 9.99317755024e-05 3.97682782122e-05 2.02317217878e-05
1687210.83357 0.0167315711733 0.000985543715648 2.04904843693e-05 9.94005376803e-05 3.93651648354e-05 2.06348351646e-05
1692873.05339 0.0169335950632 0.000985543715689 2.02130137592e-05 9.88572980728e-05 3.89591987386e-05 2.10408012614e-05
1698636.80749 0.0171406059526 0.00098554371573 1.99344144417e-05 9.83022221559e-05 3.85505035831e-05 2.14494964169e-05
1704501.92427 0.0173526282888 0.000985543715772 1.96547759527e-05 9.77354790111e-05 3.81392038614e-05 2.18607961386e-05
1710468.2082 0.0175696804654 0.000985543715815 1.93741881072e-05 9.71572412739e-05 3.77254248594e-05 2.22745751406e-05
1716535.43852 0.0177917734254 0.000985543715859 1.90927409672e-05 9.6567685081e-05 3.73092926181e-05 2.26907073819e-05
1722703.36796 0.0180189094972 0.000985543715904 1.88105248088e-05 9.59669900169e-05 3.68909338954e-05 2.31090661046e-05
1728971.72149 0.0182510809973 0.000985543715949 1.85276300895e-05 9.53553390593e-05 3.64704761276e-05 2.35295238724e-05
1735340.1949 0.0184882718604 0.000985543715996 1.82441474155e-05 9.47329185229e-05 3.604804739e-05 2.395195261e-05
1741808.45348 0.0187304522842 0.000985543716043 1.79601675091e-05 9.40999180031e-05 3.56237763586e-05 2.43762236414e-05
1748376.13059 0.0189775836188 0.000985543716091 1.76757811756e-05 9.34565303179e-05 3.51977922704e-05 2.48022077296e-05
1755042.82625 0.0192296099849 0.00098554371614 1.73910792706e-05 9.28029514495e-05 3.47702248844e-05 2.52297751156e-05
1761808.10565 0.0194864652585 0.00098554371619 1.71061526674e-05 9.21393804843e-05 3.43412044417e-05 2.56587955583e-05
1768671.49765 0.0197480642237 0.00098554371624 1.68210922239e-05 9.14660195525e-05 3.3910861626e-05 2.6089138374e-05
1775632.49332 0.0200143051334 0.000985543716291 1.65359887503e-05 9.07830737663e-05 3.3479327524e-05 2.6520672476e-05
1782690.5443 0.0202850680798 0.000985543716343 1.6250932976e-05 9.00907511576e-05 3.30467335851e-05 2.69532664149e-05
1789845.06129 0.020560212899 0.000985543716395 1.59660155172e-05 8.93892626146e-05 3.26132115817e-05 2.73867884183e-05
1797095.41243 0.0208395761438 0.000985543716449 1.56813268447e-05 8.86788218176e-05 3.21788935687e-05 2.78211064313e-05
1804440.92164 0.0211229713168 0.000985543716502 1.5396957251e-05 8.79596451735e-05 3.17439118436e-05 2.82560881564e-05
1811880.86703 0.0214101884048 0.000985543716556 1.51129968183e-05 8.72319517508e-05 3.13083989061e-05 2.86916010939e-05
1819414.47915 0.0217009859625 0.000985543716611 1.48295353864e-05 8.64959632117e-05 3.08724874176e-05 2.91275125824e-05
1827040.93936 0.0219950969331 0.000985543716665 1.45466625207e-05 8.57519037455e-05 3.04363101609e-05 2.95636898391e-05
1834759.37805 0.0222922193352 0.00098554371672 1.42644674802e-05 8.5e-05 3e-05 3e-05
1842568.87299 0.0225920211524 0.000985543716776 1.39830391861e-05 8.42404810123e-05 2.95636898391e-05 3.04363101609e-05
1850468.44747 0.0228941307869 0.000985543716831 1.37024661905e-05 8.34735781393e-05 2.91275125824e-05 3.08724874176e-05
1858457.06864 0.0231981396209 0.000985543716887 1.34228366447e-05 8.2699524987e-05 2.86916010939e-05 3.13083989061e-05
1866533.64566 0.0235035978258 0.000985543716942 1.31442382688e-05 8.19185573395e-05 2.82560881564e-05 3.17439118436e-05
1874697.02796 0.0238100131974 0.000985543716997 1.28667583206e-05 8.1130913087e-05 2.78211064313e-05 3.21788935687e-05
1882946.00341 0.0241168460343 0.000985543717052 1.25904835651e-05 8.03368321538e-05 2.73867884183e-05 3.26132115817e-05
1891279.29655 0.0244235056452 0.000985543717106 1.23155002448e-05 7.95365564245e-05 2.69532664149e-05 3.30467335851e-05
1899695.56678 0.024729355704 0.00098554371716 1.20418940493e-05 7.87303296708e-05 2.6520672476e-05 3.3479327524e-05
1908193.40659 0.0250336984172 0.000985543717213 1.17697500859e-05 7.79183974773e-05 2.6089138374e-05 3.3910861626e-05
1916771.33971 0.0253357840702 0.000985543717265 1.14991528504e-05 7.71010071663e-05 2.56587955583e-05 3.43412044417e-05
1925427.81939 0.0256347984541 0.000985543717316 1.12301861982e-05 7.62784077229e-05 2.52297751156e-05 3.47702248844e-05
1934161.22661 0.0259298661258 0.000985543717366 1.09629333158e-05 7.54508497187e-05 2.48022077296e-05 3.51977922704e-05
1942969.8683 0.0262200452853 0.000985543717415 1.06974766923e-05 7.46185852361e-05 2.43762236414e-05 3.56237763586e-05
1951851.97566 0.0265043238178 0.000985543717461 1.04338980922e-05 7.37818677908e-05 2.395195261e-05 3.604804739e-05
1960805.70241 0.026781616034 0.000985543717506 1.01722785273e-05 7.29409522551e-05 2.35295238724e-05 3.64704761276e-05
1969829.12313 0.0270507642999 0.000985543717549 9.91269823055e-06 7.209609478e-05 2.31090661046e-05 3.68909338954e-05
1978920.23162 0.0273105313536 0.000985543717589 9.65523662873e-06 7.12475527172e-05 2.26907073819e-05 3.73092926181e-05
1988076.93931 0.0275595984422 0.000985543717627 9.39997231685e-06 7.03955845409e-05 2.22745751406e-05 3.77254248594e-05
1997297.07366 0.0277965634596 0.000985543717662 9.14698303238e-06 6.95404497688e-05 2.18607961386e-05 3.81392038614e-05
2006578.37672 0.0280199388508 0.000985543717693 8.89634563004e-06 6.86824088833e-05 2.14494964169e-05 3.85505035831e-05
2015918.50361 0.0282281504478 0.000985543717722 8.64813605721e-06 6.7821723252e-05 2.10408012614e-05 3.89591987386e-05
2025315.0212 0.0284195332788 0.000985543717746 8.40242932972e-06 6.6958655048e-05 2.06348351646e-05 3.93651648354e-05
2034765.40671 0.0285923287738 0.000985543717766 8.15929950817e-06 6.60934671703e-05 2.02317217878e-05 3.97682782122e-05
2044267.04657 0.0287446880247 0.000985543717781 7.91881967483e-06 6.52264231634e-05 1.98315839231e-05 4.01684160769e-05
2053817.23514 0.0288746664301 0.000985543717792 7.68106191102e-06 6.43577871374e-05 1.94345434565e-05 4.05654565435e-05
2063413.17373 0.0289802246261 0.000985543717797 7.44609727506e-06 6.34878236872e-05 1.90407213303e-05 4.09592786697e-05
2073051.96957 0.0290592291858 0.000985543717797 7.21399578079e-06 6.26167978121e-05 1.86502375065e-05 4.13497624935e-05
2082730.63494 0.0291094533168 0.00098554371779 6.98482637662e-06 6.17449748351e-05 1.82632109304e-05 4.17367890696e-05
2092446.0864 0.0291285736021 0.000985543717777 6.75865692521e-06 6.08726203219e-05 1.78797594938e-05 4.21202405062e-05
2102195.14414 0.0291141793132 0.000985543717757 6.53555418373e-06 6e-05 1.75e-05 4.25e-05
2111974.53144 0.0290637663566 0.000985543717729 6.31558378469e-06 5.91273796781e-05 1.71240481272e-05 4.28759518728e-05
2121780.87427 0.0289747472852 0.000985543717694 6.0988102174e-06 5.82550251649e-05 1.67520183942e-05 4.32479816058e-05
2131610.70104 0.0288444529288 0.00098554371765 5.88529681005e-06 5.73832021879e-05 1.63840241246e-05 4.36159758754e-05
2141460.44248 0.0286701344885 0.000985543717597 5.67510571243e-06 5.65121763128e-05 1.60201774132e-05 4.39798225868e-05
2151326.43167 0.0284489714541 0.000985543717535 5.46829787926e-06 5.56422128626e-05 1.56605890912e-05 4.43394109088e-05
2161204.90423 0.0281780823134 0.000985543717463 5.26493305412e-06 5.47735768366e-05 1.53053686927e-05 4.46946313073e-05
2171091.99871 0.0278545259498 0.00098554371738 5.06506975416e-06 5.39065328297e-05 1.49546244212e-05 4.50453755788e-05
2180983.75713 0.0274753151461 0.000985543717287 4.86876525529e-06 5.3041344952e-05 1.46084631169e-05 4.53915368831e-05
2190876.12569 0.0270374240354 0.000985543717181 4.67607557815e-06 5.2178276748e-05 1.42669902238e-05 4.57330097762e-05
2200764.95569 0.0265378020704 0.000985543717064 4.48705547472e-06 5.13175911167e-05 1.39303097578e-05 4.60696902422e-05
2210646.00466 0.0259733884595 0.000985543716935 4.30175841553e-06 5.04595502312e-05 1.35985242752e-05 4.64014757248e-05
2220514.93767 0.0253411144949 0.000985543716792 4.1202365776e-06 4.96044154591e-05 1.3271734841e-05 4.6728265159e-05
2230367.32885 0.0246379375458 0.000985543716635 3.94254083305e-06 4.87524472828e-05 1.29500409984e-05 4.70499590016e-05
2240198.66315 0.0238608447835 0.000985543716465 3.76872073835e-06 4.790390522e-05 1.26335407385e-05 4.73664592615e-05
2250004.33832 0.0230068732053 0.00098554371628 3.59882452423e-06 4.70590477449e-05 1.23223304703e-05 4.76776695297e-05
2259779.66707 0.022073129192 0.00098554371608 3.43289908634e-06 4.62181322092e-05 1.20165049915e-05 4.79834950085e-05
2269519.87953 0.0210568150505 0.000985543715864 3.27098997646e-06 4.53814147639e-05 1.17161574595e-05 4.82838425405e-05
2279220.12593 0.0199552420527 0.000985543715633 3.11314139449e-06 4.45491502813e-05 1.14213793631e-05 4.85786206369e-05
2288875.47949 0.0187658588402 0.000985543715385 2.95939618105e-06 4.37215922771e-05 1.11322604944e-05 4.88677395056e-05
2298480.93958 0.0174862756394 0.000985543715121 2.80979581075e-06 4.28989928337e-05 1.0848888922e-05 4.9151111078e-05
2308031.43514 0.0161142866127 0.000985543714839 2.6643803861e-06 4.20816025227e-05 1.05713509636e-05 4.94286490364e-05
2317521.82833 0.0146478959359 0.00098554371454 2.52318863214e-06 4.12696703292e-05 1.02997311598e-05 4.97002688402e-05
2326946.91842 0.0130853503942 0.000985543714224 2.38625789165e-06 4.04634435755e-05 1.00341122488e-05 4.99658877512e-05
2336301.44601 0.0114251603372 0.00098554371389 2.25362412101e-06 3.96631678462e-05 9.77457514063e-06 5.02254248594e-05
2345580.09737 0.00966612994671 0.000985543713539 2.12532188673e-06 3.8869086913e-05 9.52119889278e-06 5.04788011072e-05
2354777.50918 0.00780738517642 0.000985543713169 2.0013843626e-06 3.80814426605e-05 9.27406068612e-06 5.07259393139e-05
2363888.2734 0.00584840262309 0.000985543712781 1.88184332741e-06 3.7300475013e-05 9.03323580136e-06 5.09667641986e-05
2372906.94246 0.00378903700039 0.000985543712376 1.76672916333e-06 3.65264218607e-05 8.79879759609e-06 5.12012024039e-05
2381828.03467 0.00162954861298 0.000985543711953 1.65607085487e-06 3.57595189877e-05 8.57081748245e-06 5.14291825176e-05
2390646.03987 -0.000629374757409 0.000985543711513 1.54989598841e-06 3.5e-05 8.34936490539e-06 5.16506350946e-05
2399355.4253 -0.00298658385873 0.000985543711055 1.44823075236e-06 3.42480962545e-05 8.13450732152e-06 5.18654926785e-05
2407950.64177 -0.00544045027345 0.00098554371058 1.35109993778e-06 3.35040367883e-05 7.92631017853e-06 5.20736898215e-05
2416426.12991 -0.00798884220421 0.00098554371009 1.25852693962e-06 3.27680482492e-05 7.72483689529e-06 5.22751631047e-05
2424776.32679 -0.0106291072443 0.000985543709583 1.17053375853e-06 3.20403548265e-05 7.53014884252e-06 5.24698511575e-05
2432995.67265 -0.013358051423 0.000985543709062 1.08714100308e-06 3.13211781824e-05 7.34230532408e-06 5.26576946759e-05
2441078.6178 -0.0161719191819 0.000985543708526 1.00836789256e-06 3.06107373854e-05 7.16136355893e-06 5.28386364411e-05
2449019.62979 -0.019066398032 0.000985543707976 9.34232260254e-07 2.99092488424e-05 6.98737866369e-06 5.30126213363e-05
2456813.20068 -0.0220365896821 0.000985543707414 8.64750557164e-07 2.92169262337e-05 6.82040363583e-06 5.31795963642e-05
2464453.85445 -0.0250770221464 0.000985543706841 7.99937856211e-07 2.85339804475e-05 6.66048933757e-06 5.33395106624e-05
2471936.15461 -0.0281816422939 0.000985543706257 7.39807856856e-07 2.78606195157e-05 6.50768448035e-06 5.34923155196e-05
2479254.7119 -0.0313438139856 0.000985543705664 6.84372890136e-07 2.71970485505e-05 6.36203561002e-06 5.363796439e-05
2486404.19204 -0.0345563371666 0.000985543705064 6.33643924111e-07 2.65434696821e-05 6.22358709262e-06 5.37764129074e-05
2493379.32366 -0.0378114543855 0.000985543704457 5.87630569677e-07 2.59000819969e-05 6.09238110092e-06 5.39076188991e-05
2500174.90626 -0.0411008698866 0.000985543703845 5.46341086748e-07 2.52670814771e-05 5.96845760154e-06 5.40315423985e-05
2506785.81818 -0.0444157742895 0.00098554370323 5.0978239077e-07 2.46446609407e-05 5.85185434277e-06 5.41481456572e-05
2513207.02465 -0.0477468674071 0.000985543702613 4.77960059564e-07 2.40330099831e-05 5.7426068431e-06 5.42573931569e-05
2519433.58582 -0.051084401086 0.000985543701997 4.50878340462e-07 2.3432314919e-05 5.64074838037e-06 5.43592516196e-05
2525460.66477 -0.0544182057492 0.000985543701383 4.28540157728e-07 2.28427587261e-05 5.54630998165e-06 5.44536900183e-05
2531283.53554 -0.057737746276 0.000985543700772 4.10947120236e-07 2.22645209889e-05 5.45932041381e-06 5.45406795862e-05
2536897.59099 -0.0610321587883 0.000985543700168 3.98099529389e-07 2.16977778441e-05 5.37980617469e-06 5.46201938253e-05
2542298.35067 -0.0642903097905 0.000985543699571 3.89996387262e-07 2.11427019272e-05 5.30779148512e-06 5.46922085149e-05
2547481.46857 -0.0675008548424 0.000985543698984 3.86635404933e-07 2.05994623197e-05 5.24329828146e-06 5.47567017185e-05
2552442.74069 -0.070652294904 0.000985543698409 3.8801301101e-07 2.00682244976e-05 5.18634620897e-06 5.4813653791e-05
2557178.11252 -0.0737330433913 0.000985543697847 3.94124360305e-07 1.95491502813e-05 5.13695261579e-06 5.48630473842e-05
2561683.68628 -0.0767314927652 0.000985543697302 4.04963342655e-07 1.90423977856e-05 5.09513254771e-06 5.49048674523e-05
2565955.72804 -0.0796360867098 0.000985543696774 4.20522591869e-07 1.85481213722e-05 5.0608987435e-06 5.49391012565e-05
2569990.67452 -0.0824353946373 0.000985543696266 4.40793494766e-07 1.80664716027e-05 5.03426163114e-06 5.49657383689e-05
2573785.13973 -0.0851181782782 0.00098554369578 4.65766200313e-07 1.75975951922e-05 5.01522932452e-06 5.49847706755e-05
2577335.92126 -0.0876734727062 0.000985543695318 4.95429628822e-07 1.71416349649e-05 5.00380762109e-06 5.49961923789e-05
2580640.0064 -0.0900906538591 0.00098554369488 5.29771481204e-07 1.66987298108e-05 5e-06 5.5e-05
